0 0.9744186046511628 0.47345132743362833 0.04186046511627907 0.10619469026548672
0 0.9627906976744186 0.37831858407079644 0.05116279069767442 0.03982300884955752
0 0.9069767441860465 0.6061946902654868 0.046511627906976744 0.035398230088495575
0 0.9046511627906977 0.5110619469026548 0.046511627906976744 0.030973451327433628
0 0.858139534883721 0.5752212389380531 0.04186046511627907 0.030973451327433628
0 0.8418604651162791 0.5221238938053098 0.05581395348837209 0.05309734513274336
0 0.8697674418604651 0.2676991150442478 0.06046511627906977 0.048672566371681415
0 0.8418604651162791 0.3163716814159292 0.046511627906976744 0.03982300884955752
0 0.7744186046511627 0.4358407079646018 0.08372093023255814 0.06637168141592921
0 0.7581395348837209 0.334070796460177 0.027906976744186046 0.02654867256637168
0 0.7511627906976744 0.2676991150442478 0.16279069767441862 0.13274336283185842
0 0.6767441860465117 0.5221238938053098 0.05116279069767442 0.035398230088495575
0 0.6093023255813953 0.4690265486725664 0.05116279069767442 0.05752212389380531