0 0.13513513513513514 0.647887323943662 0.036036036036036036 0.056338028169014086
0 0.7342342342342343 0.75 0.02702702702702703 0.056338028169014086
0 0.4189189189189189 0.704225352112676 0.02702702702702703 0.04225352112676056
0 0.5112612612612613 0.7359154929577465 0.02252252252252252 0.04225352112676056
0 0.5292792792792793 0.823943661971831 0.036036036036036036 0.04929577464788732
0 0.7432432432432432 0.9190140845070423 0.04954954954954955 0.07042253521126761
0 0.545045045045045 0.9014084507042254 0.02702702702702703 0.04225352112676056
0 0.4166666666666667 0.08450704225352113 0.04504504504504504 0.07746478873239436
0 0.25225225225225223 0.25 0.03153153153153153 0.04225352112676056
0 0.11936936936936937 0.29577464788732394 0.02252252252252252 0.04225352112676056
0 0.5765765765765766 0.5387323943661971 0.05405405405405406 0.09859154929577464
0 0.6193693693693694 0.6549295774647887 0.036036036036036036 0.06338028169014084