0 0.6058394160583942 0.42701863354037267 0.025547445255474453 0.034161490683229816
0 0.8832116788321168 0.4704968944099379 0.06204379562043796 0.049689440993788817
0 0.19160583941605838 0.5636645962732919 0.0364963503649635 0.031055900621118012
0 0.291970802919708 0.5807453416149069 0.040145985401459854 0.027950310559006212
0 0.14416058394160583 0.6071428571428571 0.032846715328467155 0.043478260869565216
0 0.6076642335766423 0.5745341614906833 0.025547445255474453 0.027950310559006212
0 0.7335766423357665 0.026397515527950312 0.029197080291970802 0.034161490683229816
0 0.4233576642335766 0.6242236024844721 0.021897810218978103 0.018633540372670808
0 0.7974452554744526 0.5807453416149069 0.032846715328467155 0.034161490683229816
0 0.5492700729927007 0.6226708074534162 0.051094890510948905 0.043478260869565216
0 0.39963503649635035 0.7686335403726708 0.021897810218978103 0.021739130434782608
0 0.6605839416058394 0.8586956521739131 0.0364963503649635 0.031055900621118012
0 0.531021897810219 0.9565217391304348 0.040145985401459854 0.034161490683229816
0 0.843065693430657 0.062111801242236024 0.014598540145985401 0.021739130434782608
0 0.6186131386861314 0.09161490683229814 0.029197080291970802 0.031055900621118012
0 0.6788321167883211 0.14285714285714285 0.029197080291970802 0.021739130434782608
0 0.4197080291970803 0.24378881987577639 0.043795620437956206 0.034161490683229816
0 0.5237226277372263 0.2546583850931677 0.021897810218978103 0.024844720496894408