0 0.18307905686546463 0.7829268292682927 0.05131761442441054 0.032520325203252036
0 0.3363384188626907 0.6821138211382114 0.0319001386962552 0.03414634146341464
0 0.3668515950069348 0.832520325203252 0.036061026352288486 0.022764227642276424
0 0.44244105409153955 0.7138211382113822 0.04022191400832178 0.03902439024390244
0 0.4826629680998613 0.8691056910569106 0.052704576976421634 0.04390243902439024
0 0.5665742024965326 0.573170731707317 0.027739251040221916 0.022764227642276424
0 0.5533980582524272 0.6869918699186992 0.049930651872399444 0.04552845528455285
0 0.5513176144244105 0.8504065040650407 0.06102635228848821 0.06991869918699187
0 0.5943134535367545 0.732520325203252 0.052704576976421634 0.06991869918699187
0 0.6449375866851595 0.5398373983739837 0.0651872399445215 0.05040650406504065
0 0.6012482662968099 0.9016260162601626 0.04022191400832178 0.04552845528455285
0 0.6858529819694869 0.4121951219512195 0.06934812760055478 0.08292682926829269
0 0.6449375866851595 0.667479674796748 0.038834951456310676 0.05365853658536585
0 0.6553398058252428 0.8056910569105691 0.09847434119278779 0.06341463414634146
0 0.8252427184466019 0.573170731707317 0.036061026352288486 0.04878048780487805
0 0.13522884882108183 0.6731707317073171 0.03744798890429958 0.04390243902439024
0 0.16019417475728157 0.7382113821138211 0.03467406380027739 0.032520325203252036