0 0.2621359223300971 0.8747967479674796 0.049930651872399444 0.027642276422764227
0 0.3855755894590846 0.7276422764227642 0.02912621359223301 0.032520325203252036
0 0.4507628294036061 0.8626016260162601 0.036061026352288486 0.01788617886178862
0 0.49514563106796117 0.724390243902439 0.038834951456310676 0.03414634146341464
0 0.5700416088765603 0.8601626016260162 0.05131761442441054 0.03902439024390244
0 0.5811373092926491 0.5487804878048781 0.026352288488210817 0.02113821138211382
0 0.59500693481276 0.6626016260162602 0.047156726768377254 0.04065040650406504
0 0.6317614424410541 0.8203252032520325 0.056865464632454926 0.06341463414634146
0 0.6456310679611651 0.6934959349593496 0.047156726768377254 0.06666666666666667
0 0.6484049930651873 0.49105691056910566 0.06241331484049931 0.04390243902439024
0 0.6920943134535368 0.8536585365853658 0.03744798890429958 0.04227642276422764
0 0.658113730929265 0.35528455284552846 0.0638002773925104 0.07642276422764227
0 0.6782246879334258 0.6138211382113821 0.03467406380027739 0.05040650406504065
0 0.7212205270457698 0.7430894308943089 0.0957004160887656 0.05365853658536585
0 0.8300970873786407 0.46504065040650405 0.0319001386962552 0.04552845528455285
0 0.1900138696255201 0.7845528455284553 0.03467406380027739 0.04065040650406504
0 0.22954230235783635 0.8390243902439024 0.0319001386962552 0.02926829268292683