0 0.39572192513368987 0.5230769230769231 0.0748663101604278 0.06666666666666667
0 0.27540106951871657 0.5384615384615384 0.0748663101604278 0.06153846153846154
0 0.27807486631016043 0.29743589743589743 0.03208556149732621 0.03076923076923077
0 0.24598930481283424 0.4076923076923077 0.10695187165775401 0.08717948717948718
0 0.2192513368983957 0.5820512820512821 0.0481283422459893 0.035897435897435895
0 0.18181818181818182 0.5230769230769231 0.06951871657754011 0.07692307692307693
0 0.1443850267379679 0.38461538461538464 0.09090909090909091 0.07179487179487179
0 0.10427807486631016 0.48205128205128206 0.0748663101604278 0.07692307692307693
0 0.034759358288770054 0.32051282051282054 0.03208556149732621 0.03076923076923077
0 0.6684491978609626 0.7897435897435897 0.12299465240641712 0.09743589743589744
0 0.5989304812834224 0.6923076923076923 0.0427807486631016 0.02564102564102564
0 0.6176470588235294 0.45384615384615384 0.053475935828877004 0.046153846153846156
0 0.5401069518716578 0.5076923076923077 0.0427807486631016 0.02564102564102564
0 0.553475935828877 0.2512820512820513 0.0374331550802139 0.02564102564102564
0 0.5 0.5846153846153846 0.0481283422459893 0.035897435897435895