0 0.9232558139534883 0.26548672566371684 0.07441860465116279 0.10176991150442478
0 0.8558139534883721 0.19247787610619468 0.05116279069767442 0.03982300884955752
0 0.9116279069767442 0.41814159292035397 0.046511627906976744 0.035398230088495575
0 0.8674418604651163 0.336283185840708 0.046511627906976744 0.030973451327433628
0 0.8558139534883721 0.41150442477876104 0.04186046511627907 0.030973451327433628
0 0.8162790697674419 0.37168141592920356 0.05581395348837209 0.05309734513274336
0 0.7186046511627907 0.13274336283185842 0.06046511627906977 0.048672566371681415
0 0.7186046511627907 0.18805309734513273 0.046511627906976744 0.03982300884955752
0 0.7116279069767442 0.3252212389380531 0.08372093023255814 0.07079646017699115
0 0.6511627906976745 0.2411504424778761 0.027906976744186046 0.02654867256637168
0 0.6139534883720931 0.1836283185840708 0.16279069767441862 0.13716814159292035
0 0.6674418604651163 0.4446902654867257 0.05116279069767442 0.035398230088495575
0 0.5837209302325581 0.4247787610619469 0.05116279069767442 0.05752212389380531