0 0.2714535901926445 0.16735537190082644 0.07705779334500876 0.06818181818181818
0 0.4124343257443082 0.14256198347107438 0.047285464098073555 0.049586776859504134
0 0.4071803852889667 0.28512396694214875 0.04903677758318739 0.05785123966942149
0 0.45183887915936954 0.21797520661157024 0.04903677758318739 0.05785123966942149
0 0.51138353765324 0.09710743801652892 0.04903677758318739 0.049586776859504134
0 0.500875656742557 0.390495867768595 0.04553415061295972 0.04132231404958678
0 0.5332749562171629 0.3006198347107438 0.05779334500875657 0.0371900826446281
0 0.5359019264448336 0.5144628099173554 0.06304728546409807 0.07231404958677685
0 0.5490367775831874 0.2303719008264463 0.050788091068301226 0.04132231404958678
0 0.5560420315236427 0.5733471074380165 0.050788091068301226 0.045454545454545456
0 0.6427320490367776 0.3522727272727273 0.05253940455341506 0.047520661157024795
0 0.6619964973730298 0.2334710743801653 0.08231173380035026 0.06611570247933884
0 0.7171628721541156 0.44214876033057854 0.07530647985989491 0.07851239669421488
0 0.15761821366024517 0.28202479338842973 0.08581436077057793 0.09297520661157024
0 0.830122591943958 0.5423553719008265 0.047285464098073555 0.08884297520661157