0 0.6177536231884058 0.4013605442176871 0.03804347826086957 0.0782312925170068
0 0.34148550724637683 0.3401360544217687 0.07065217391304347 0.1292517006802721
0 0.24094202898550723 0.34523809523809523 0.03804347826086957 0.07482993197278912
0 0.4411231884057971 0.45408163265306123 0.08695652173913043 0.15306122448979592
0 0.7472826086956522 0.5867346938775511 0.03260869565217391 0.1054421768707483
0 0.5570652173913043 0.6071428571428571 0.041666666666666664 0.08503401360544217
0 0.32971014492753625 0.5340136054421769 0.041666666666666664 0.10204081632653061
0 0.5163043478260869 0.6122448979591837 0.025362318840579712 0.05782312925170068
0 0.40398550724637683 0.5731292517006803 0.03804347826086957 0.0782312925170068
0 0.6286231884057971 0.7108843537414966 0.04528985507246377 0.08843537414965986
0 0.5443840579710145 0.7159863945578231 0.04710144927536232 0.08163265306122448
0 0.4746376811594203 0.7329931972789115 0.034420289855072464 0.0782312925170068
0 0.5887681159420289 0.7959183673469388 0.04528985507246377 0.10204081632653061
0 0.42934782608695654 0.8061224489795918 0.036231884057971016 0.1054421768707483
0 0.5552536231884058 0.12074829931972789 0.036231884057971016 0.061224489795918366
0 0.5344202898550725 0.17517006802721088 0.036231884057971016 0.06802721088435375
0 0.4257246376811594 0.1360544217687075 0.036231884057971016 0.09183673469387756
0 0.5471014492753623 0.04081632653061224 0.03985507246376811 0.07142857142857142
0 0.26721014492753625 0.20918367346938777 0.04528985507246377 0.08163265306122448