0 0.6425304878048781 0.08379888268156424 0.03201219512195122 0.06424581005586592
0 0.8071646341463414 0.17318435754189945 0.0350609756097561 0.061452513966480445
0 0.5670731707317073 0.21089385474860337 0.08689024390243902 0.13966480446927373
0 0.41234756097560976 0.86731843575419 0.10213414634146341 0.2011173184357542
0 0.46722560975609756 0.43435754189944137 0.04725609756097561 0.0782122905027933
0 0.42759146341463417 0.6536312849162011 0.10060975609756098 0.1564245810055866
0 0.44435975609756095 0.23184357541899442 0.06402439024390244 0.10335195530726257
0 0.3323170731707317 0.7946927374301676 0.06859756097560976 0.09776536312849161
0 0.27439024390243905 0.4930167597765363 0.125 0.2122905027932961
0 0.770579268292683 0.12569832402234637 0.03353658536585366 0.0335195530726257
0 0.6935975609756098 0.39664804469273746 0.03048780487804878 0.061452513966480445
0 0.5952743902439024 0.7751396648044693 0.05945121951219512 0.12849162011173185