0 0.4809451219512195 0.9776536312849162 0.03201219512195122 0.03910614525139665
0 0.5152439024390244 0.8128491620111732 0.08689024390243902 0.13687150837988826
0 0.48323170731707316 0.1005586592178771 0.09908536585365854 0.19553072625698323
0 0.5457317073170732 0.5293296089385475 0.04573170731707317 0.07541899441340782
0 0.524390243902439 0.3016759776536313 0.09908536585365854 0.15363128491620112
0 0.6173780487804879 0.6899441340782123 0.06402439024390244 0.1005586592178771
0 0.5724085365853658 0.09497206703910614 0.06859756097560976 0.09217877094972067
0 0.7004573170731707 0.31145251396648044 0.12347560975609756 0.20670391061452514
0 0.7865853658536586 0.8449720670391061 0.04725609756097561 0.0782122905027933
0 0.3559451219512195 0.7569832402234636 0.03048780487804878 0.061452513966480445
0 0.34527439024390244 0.3393854748603352 0.057926829268292686 0.12849162011173185