0 0.5552536231884058 0.7193877551020408 0.041666666666666664 0.07142857142857142
0 0.582427536231884 0.1989795918367347 0.06884057971014493 0.1292517006802721
0 0.5760869565217391 0.030612244897959183 0.03804347826086957 0.03741496598639456
0 0.5235507246376812 0.38945578231292516 0.07971014492753623 0.1598639455782313
0 0.4583333333333333 0.9659863945578231 0.05615942028985507 0.05782312925170068
0 0.4447463768115942 0.608843537414966 0.04528985507246377 0.0782312925170068
0 0.4782608695652174 0.18027210884353742 0.05434782608695652 0.0782312925170068
0 0.44021739130434784 0.532312925170068 0.030797101449275364 0.047619047619047616
0 0.4592391304347826 0.32142857142857145 0.041666666666666664 0.07142857142857142
0 0.3894927536231884 0.7448979591836735 0.04710144927536232 0.08503401360544217
0 0.3858695652173913 0.5867346938775511 0.043478260869565216 0.08503401360544217
0 0.375 0.4557823129251701 0.03985507246376811 0.06462585034013606
0 0.3442028985507246 0.6717687074829932 0.05253623188405797 0.08503401360544217
0 0.33605072463768115 0.37244897959183676 0.05434782608695652 0.06802721088435375
0 0.7028985507246377 0.5969387755102041 0.03260869565217391 0.06802721088435375
0 0.6739130434782609 0.5578231292517006 0.036231884057971016 0.06802721088435375
0 0.6920289855072463 0.35374149659863946 0.04710144927536232 0.06462585034013606
0 0.7454710144927537 0.5816326530612245 0.036231884057971016 0.07482993197278912
0 0.6503623188405797 0.07142857142857142 0.041666666666666664 0.06462585034013606