0 0.7136602451838879 0.8460743801652892 0.07880910683012259 0.07231404958677685
0 0.5718038528896673 0.8615702479338843 0.04903677758318739 0.05371900826446281
0 0.5831873905429071 0.7200413223140496 0.05253940455341506 0.06198347107438017
0 0.5350262697022767 0.7851239669421488 0.05253940455341506 0.06198347107438017
0 0.4702276707530648 0.9018595041322314 0.050788091068301226 0.05371900826446281
0 0.4947460595446585 0.609504132231405 0.047285464098073555 0.045454545454545456
0 0.45796847635726795 0.6973140495867769 0.05779334500875657 0.03925619834710744
0 0.46409807355516636 0.4834710743801653 0.0647985989492119 0.0743801652892562
0 0.4395796847635727 0.7665289256198347 0.05253940455341506 0.045454545454545456
0 0.44658493870402804 0.4225206611570248 0.05253940455341506 0.049586776859504134
0 0.351138353765324 0.6384297520661157 0.0542907180385289 0.05165289256198347
0 0.3266199649737303 0.756198347107438 0.0840630472854641 0.07231404958677685
0 0.28021015761821366 0.5444214876033058 0.07880910683012259 0.08264462809917356
0 0.8318739054290718 0.7386363636363636 0.0893169877408056 0.09917355371900827
0 0.17162872154115585 0.4369834710743802 0.050788091068301226 0.09090909090909091