0 0.5656934306569343 0.6009316770186336 0.0364963503649635 0.018633540372670808
0 0.46897810218978103 0.827639751552795 0.05474452554744526 0.046583850931677016
0 0.47992700729927007 0.23136645962732919 0.032846715328467155 0.027950310559006212
0 0.4416058394160584 0.31211180124223603 0.029197080291970802 0.031055900621118012
0 0.43795620437956206 0.18322981366459629 0.04744525547445255 0.021739130434782608
0 0.39416058394160586 0.577639751552795 0.029197080291970802 0.018633540372670808
0 0.3704379562043796 0.41304347826086957 0.01824817518248175 0.015527950310559006
0 0.35583941605839414 0.734472049689441 0.0364963503649635 0.024844720496894408
0 0.34854014598540145 0.5201863354037267 0.043795620437956206 0.037267080745341616
0 0.2062043795620438 0.36801242236024845 0.021897810218978103 0.015527950310559006
0 0.05656934306569343 0.5729813664596274 0.032846715328467155 0.027950310559006212
0 0.9470802919708029 0.8633540372670807 0.025547445255474453 0.009316770186335404
0 0.9507299270072993 0.6708074534161491 0.032846715328467155 0.021739130434782608
0 0.8813868613138686 0.7111801242236024 0.021897810218978103 0.021739130434782608
0 0.8120437956204379 0.4767080745341615 0.0364963503649635 0.034161490683229816
0 0.781021897810219 0.562111801242236 0.025547445255474453 0.015527950310559006