0 0.06744186046511629 0.7212389380530974 0.07441860465116279 0.10176991150442478
0 0.1325581395348837 0.7964601769911505 0.05116279069767442 0.03982300884955752
0 0.08372093023255814 0.5685840707964602 0.046511627906976744 0.035398230088495575
0 0.12790697674418605 0.6526548672566371 0.046511627906976744 0.030973451327433628
0 0.14186046511627906 0.577433628318584 0.04186046511627907 0.030973451327433628
0 0.17906976744186046 0.6172566371681416 0.05581395348837209 0.05309734513274336
0 0.26976744186046514 0.8584070796460177 0.06046511627906977 0.048672566371681415
0 0.26976744186046514 0.8030973451327433 0.046511627906976744 0.03982300884955752
0 0.2813953488372093 0.668141592920354 0.08372093023255814 0.06637168141592921
0 0.3395348837209302 0.754424778761062 0.027906976744186046 0.02654867256637168
0 0.3744186046511628 0.8119469026548672 0.15813953488372093 0.13274336283185842
0 0.3302325581395349 0.5508849557522124 0.05116279069767442 0.035398230088495575
0 0.413953488372093 0.5707964601769911 0.05116279069767442 0.05752212389380531