0 0.5508021390374331 0.5897435897435898 0.0748663101604278 0.07692307692307693
0 0.6016042780748663 0.6974358974358974 0.06951871657754011 0.07692307692307693
0 0.3582887700534759 0.7615384615384615 0.03208556149732621 0.035897435897435895
0 0.47593582887700536 0.7589743589743589 0.0962566844919786 0.1076923076923077
0 0.660427807486631 0.735897435897436 0.0374331550802139 0.046153846153846156
0 0.6096256684491979 0.7871794871794872 0.0855614973262032 0.07179487179487179
0 0.48128342245989303 0.8589743589743589 0.08021390374331551 0.09230769230769231
0 0.5935828877005348 0.8692307692307693 0.0855614973262032 0.07692307692307693
0 0.44919786096256686 0.9769230769230769 0.0374331550802139 0.03076923076923077
0 0.7459893048128342 0.26666666666666666 0.10695187165775401 0.12307692307692308
0 0.6657754010695187 0.35384615384615387 0.026737967914438502 0.046153846153846156
0 0.4197860962566845 0.40512820512820513 0.0481283422459893 0.05128205128205128
0 0.4946524064171123 0.46153846153846156 0.026737967914438502 0.046153846153846156
0 0.23529411764705882 0.517948717948718 0.026737967914438502 0.041025641025641026
0 0.5855614973262032 0.47692307692307695 0.0374331550802139 0.046153846153846156