0 0.40217391304347827 0.34183673469387754 0.041666666666666664 0.07142857142857142
0 0.4891304347826087 0.8384353741496599 0.07065217391304347 0.1326530612244898
0 0.5344202898550725 0.9829931972789115 0.03985507246376811 0.027210884353741496
0 0.5027173913043478 0.6190476190476191 0.08152173913043478 0.16326530612244897
0 0.4375 0.04251700680272109 0.05615942028985507 0.061224489795918366
0 0.5271739130434783 0.35714285714285715 0.04710144927536232 0.0782312925170068
0 0.5887681159420289 0.7755102040816326 0.05434782608695652 0.08163265306122448
0 0.5471014492753623 0.42517006802721086 0.030797101449275364 0.047619047619047616
0 0.5760869565217391 0.6326530612244898 0.041666666666666664 0.07142857142857142
0 0.5480072463768116 0.1921768707482993 0.04710144927536232 0.08503401360544217
0 0.5851449275362319 0.3333333333333333 0.043478260869565216 0.08843537414965986
0 0.6231884057971014 0.445578231292517 0.041666666666666664 0.06462585034013606
0 0.605072463768116 0.22448979591836735 0.05434782608695652 0.08503401360544217
0 0.677536231884058 0.4914965986394558 0.05615942028985507 0.07142857142857142
0 0.29347826086956524 0.5663265306122449 0.03260869565217391 0.06802721088435375
0 0.328804347826087 0.5799319727891157 0.036231884057971016 0.06802721088435375
0 0.35597826086956524 0.7806122448979592 0.04891304347826087 0.06802721088435375
0 0.25815217391304346 0.6139455782312925 0.03804347826086957 0.07482993197278912
0 0.4583333333333333 0.9863945578231292 0.043478260869565216 0.02040816326530612