0 0.8163972286374134 0.4943820224719101 0.03695150115473441 0.11235955056179775
0 0.1789838337182448 0.6685393258426966 0.03002309468822171 0.07865168539325842
0 0.674364896073903 0.5870786516853933 0.06235565819861432 0.1853932584269663
0 0.5750577367205543 0.6573033707865169 0.03926096997690531 0.07303370786516854
0 0.312933025404157 0.7359550561797753 0.03926096997690531 0.12359550561797752
0 0.7228637413394919 0.7808988764044944 0.046189376443418015 0.12359550561797752
0 0.24595842956120093 0.9129213483146067 0.057736720554272515 0.1404494382022472
0 0.6016166281755196 0.8539325842696629 0.06697459584295612 0.24719101123595505
0 0.4930715935334873 0.9101123595505618 0.025404157043879907 0.06741573033707865
0 0.47113163972286376 0.9662921348314607 0.06928406466512702 0.056179775280898875
0 0.1351039260969977 0.4241573033707865 0.04157043879907621 0.10112359550561797
0 0.6420323325635104 0.3342696629213483 0.046189376443418015 0.14606741573033707
0 0.7193995381062356 0.351123595505618 0.06697459584295612 0.1797752808988764