0 0.5529197080291971 0.6071428571428571 0.040145985401459854 0.021739130434782608
0 0.42883211678832117 0.8229813664596274 0.058394160583941604 0.052795031055900624
0 0.5127737226277372 0.22981366459627328 0.0364963503649635 0.031055900621118012
0 0.4653284671532847 0.30745341614906835 0.032846715328467155 0.034161490683229816
0 0.4781021897810219 0.17857142857142858 0.051094890510948905 0.027950310559006212
0 0.38503649635036497 0.5683229813664596 0.032846715328467155 0.021739130434782608
0 0.3813868613138686 0.40217391304347827 0.021897810218978103 0.018633540372670808
0 0.3266423357664234 0.7204968944099379 0.040145985401459854 0.027950310559006212
0 0.34854014598540145 0.5062111801242236 0.051094890510948905 0.043478260869565216
0 0.22445255474452555 0.34316770186335405 0.025547445255474453 0.018633540372670808
0 0.051094890510948905 0.532608695652174 0.0364963503649635 0.031055900621118012
0 0.8996350364963503 0.9006211180124224 0.025547445255474453 0.012422360248447204
0 0.9288321167883211 0.7096273291925466 0.0364963503649635 0.024844720496894408
0 0.8540145985401459 0.7453416149068323 0.025547445255474453 0.024844720496894408
0 0.8120437956204379 0.5046583850931677 0.040145985401459854 0.037267080745341616
0 0.7718978102189781 0.5869565217391305 0.029197080291970802 0.018633540372670808