0 0.11287878787878788 0.3820093457943925 0.024242424242424242 0.04439252336448598
0 0.8560606060606061 0.14719626168224298 0.01818181818181818 0.037383177570093455
0 0.8128787878787879 0.18457943925233644 0.045454545454545456 0.0794392523364486
0 0.821969696969697 0.3130841121495327 0.021212121212121213 0.037383177570093455
0 0.18712121212121213 0.5782710280373832 0.022727272727272728 0.037383177570093455
0 0.18409090909090908 0.6343457943925234 0.05454545454545454 0.08411214953271028
0 0.8946969696969697 0.4696261682242991 0.025757575757575757 0.04906542056074766
0 0.7886363636363637 0.5058411214953271 0.021212121212121213 0.04672897196261682
0 0.29924242424242425 0.7032710280373832 0.03636363636363636 0.04906542056074766
0 0.2681818181818182 0.7967289719626168 0.01818181818181818 0.035046728971962614
0 0.5234848484848484 0.7207943925233645 0.022727272727272728 0.035046728971962614
0 0.9507575757575758 0.6285046728971962 0.024242424242424242 0.04439252336448598
0 0.18863636363636363 0.9007009345794392 0.030303030303030304 0.04439252336448598
0 0.796969696969697 0.7301401869158879 0.05454545454545454 0.0794392523364486