0 0.8178633975481612 0.29132231404958675 0.07005253940455342 0.09917355371900827
0 0.8134851138353766 0.4607438016528926 0.04903677758318739 0.0640495867768595
0 0.6952714535901926 0.4287190082644628 0.05604203152364273 0.06611570247933884
0 0.7443082311733801 0.493801652892562 0.05604203152364273 0.06611570247933884
0 0.8345008756567426 0.5836776859504132 0.04903677758318739 0.0640495867768595
0 0.5910683012259195 0.5196280991735537 0.04203152364273205 0.05991735537190083
0 0.6611208406304728 0.5733471074380165 0.040280210157618214 0.07231404958677685
0 0.4816112084063047 0.5392561983471075 0.07005253940455342 0.08471074380165289
0 0.7171628721541156 0.6033057851239669 0.043782837127845885 0.06611570247933884
0 0.42819614711033277 0.5526859504132231 0.047285464098073555 0.06611570247933884
0 0.5980735551663747 0.6911157024793388 0.04903677758318739 0.06818181818181818
0 0.6943957968476357 0.734504132231405 0.06830122591943957 0.10537190082644628
0 0.510507880910683 0.762396694214876 0.07705779334500876 0.09917355371900827
0 0.7408056042031523 0.14049586776859505 0.09106830122591944 0.11363636363636363
0 0.4071803852889667 0.8770661157024794 0.08231173380035026 0.07024793388429752