0 0.5879828326180258 0.42160278745644597 0.034334763948497854 0.0313588850174216
0 0.19313304721030042 0.6010452961672473 0.04291845493562232 0.03484320557491289
0 0.9785407725321889 0.519163763066202 0.034334763948497854 0.027874564459930314
0 0.555793991416309 0.6236933797909407 0.030042918454935622 0.024390243902439025
0 0.463519313304721 0.7073170731707317 0.030042918454935622 0.024390243902439025
0 0.9828326180257511 0.6027874564459931 0.02575107296137339 0.03484320557491289
0 0.45064377682403434 0.7491289198606271 0.034334763948497854 0.03484320557491289
0 0.9120171673819742 0.6637630662020906 0.030042918454935622 0.020905923344947737
0 0.6909871244635193 0.7717770034843205 0.034334763948497854 0.027874564459930314
0 0.8776824034334764 0.8763066202090593 0.017167381974248927 0.020905923344947737
0 0.8927038626609443 0.8832752613240418 0.02575107296137339 0.013937282229965157
0 0.41416309012875535 0.21428571428571427 0.04721030042918455 0.041811846689895474