0 0.4763719512195122 0.9762569832402235 0.03201219512195122 0.04189944134078212
0 0.5121951219512195 0.8142458100558659 0.08536585365853659 0.1340782122905028
0 0.4870426829268293 0.09916201117318436 0.0975609756097561 0.19553072625698323
0 0.5457317073170732 0.5307262569832403 0.04573170731707317 0.07541899441340782
0 0.5259146341463414 0.30307262569832405 0.09908536585365854 0.15083798882681565
0 0.6158536585365854 0.6927374301675978 0.0625 0.1005586592178771
0 0.5762195121951219 0.09776536312849161 0.06707317073170732 0.09217877094972067
0 0.7027439024390244 0.31843575418994413 0.12195121951219512 0.20391061452513967
0 0.7835365853658537 0.8533519553072626 0.04725609756097561 0.0782122905027933
0 0.35289634146341464 0.7527932960893855 0.03048780487804878 0.061452513966480445
0 0.3467987804878049 0.33379888268156427 0.057926829268292686 0.12569832402234637