0 0.12612612612612611 0.5774647887323944 0.036036036036036036 0.056338028169014086
0 0.713963963963964 0.7922535211267606 0.03153153153153153 0.06338028169014084
0 0.40315315315315314 0.6866197183098591 0.03153153153153153 0.04225352112676056
0 0.49324324324324326 0.7359154929577465 0.02252252252252252 0.04929577464788732
0 0.5045045045045045 0.8274647887323944 0.036036036036036036 0.04929577464788732
0 0.7094594594594594 0.9577464788732394 0.05855855855855856 0.07042253521126761
0 0.5135135135135135 0.9049295774647887 0.03153153153153153 0.04225352112676056
0 0.45045045045045046 0.07042253521126761 0.04954954954954955 0.08450704225352113
0 0.2725225225225225 0.20422535211267606 0.036036036036036036 0.04225352112676056
0 0.1373873873873874 0.22535211267605634 0.02252252252252252 0.04929577464788732
0 0.5743243243243243 0.5528169014084507 0.06306306306306306 0.1056338028169014
0 0.6058558558558559 0.676056338028169 0.04054054054054054 0.06338028169014084