0 0.7267683772538142 0.11626016260162601 0.049930651872399444 0.02926829268292683
0 0.6074895977808599 0.26747967479674795 0.030513176144244106 0.032520325203252036
0 0.5388349514563107 0.13577235772357724 0.036061026352288486 0.01951219512195122
0 0.49791955617198336 0.275609756097561 0.038834951456310676 0.03577235772357724
0 0.41955617198335643 0.14308943089430895 0.05131761442441054 0.04065040650406504
0 0.4174757281553398 0.45447154471544715 0.026352288488210817 0.02113821138211382
0 0.4001386962552011 0.34146341463414637 0.047156726768377254 0.04227642276422764
0 0.35852981969486825 0.18536585365853658 0.05825242718446602 0.06504065040650407
0 0.3488210818307906 0.3130081300813008 0.04854368932038835 0.06666666666666667
0 0.3522884882108183 0.5146341463414634 0.06241331484049931 0.04552845528455285
0 0.29750346740638 0.15447154471544716 0.038834951456310676 0.04390243902439024
0 0.3460471567267684 0.6504065040650406 0.0651872399445215 0.07967479674796749
0 0.3183079056865465 0.3934959349593496 0.036061026352288486 0.05203252032520325
0 0.2711511789181692 0.2658536585365854 0.0970873786407767 0.056910569105691054
0 0.17128987517337033 0.5479674796747968 0.033287101248266296 0.04552845528455285
0 0.8016643550624133 0.20243902439024392 0.036061026352288486 0.04227642276422764
0 0.7600554785020804 0.15040650406504066 0.033287101248266296 0.030894308943089432