0 0.8106235565819861 0.6544943820224719 0.03695150115473441 0.11235955056179775
0 0.17090069284064666 0.5028089887640449 0.03002309468822171 0.07865168539325842
0 0.6628175519630485 0.6741573033707865 0.06235565819861432 0.1853932584269663
0 0.5600461893764435 0.6938202247191011 0.03926096997690531 0.07303370786516854
0 0.2967667436489607 0.6376404494382022 0.03926096997690531 0.12359550561797752
0 0.6928406466512702 0.8876404494382022 0.046189376443418015 0.12359550561797752
0 0.21593533487297922 0.7752808988764045 0.057736720554272515 0.1404494382022472
0 0.5704387990762124 0.8820224719101124 0.06928406466512702 0.2247191011235955
0 0.45842956120092376 0.898876404494382 0.025404157043879907 0.06741573033707865
0 0.43071593533487296 0.952247191011236 0.06697459584295612 0.07303370786516854
0 0.15011547344110854 0.24157303370786518 0.04157043879907621 0.10112359550561797
0 0.6535796766743649 0.4101123595505618 0.046189376443418015 0.14606741573033707
0 0.7274826789838337 0.46629213483146065 0.06697459584295612 0.1797752808988764